
Matrix 1
	Rows: 6
	Cols: 3
		[ 0 1 4 ]
		[ 3 5 9 ]
		[ 6 9 14 ]
		[ 9 13 19 ]
		[ 12 17 24 ]
		[ 15 21 29 ]


Matrix 2
	Rows: 3
	Cols: 6
		[ 0 3 6 9 12 15 ]
		[ 1 5 9 13 17 21 ]
		[ 4 9 14 19 24 29 ]

